# 상한 128로 본문이 잘린 채 색인된 논문 (상한 512 적용 후 재수집 대상)
1103.0398
1206.5538
1301.2115
1311.2524
1312.6114
1404.7828
1409.0473
1409.0575
1503.03585
1505.00468
1505.07818
1510.04373
1511.04508
1511.07528
1603.00856
1603.02754
1607.00133
1607.06450
1607.06520
1608.04644
1609.04747
1610.02391
1610.02527
1610.05820
1611.08097
1612.00593
1701.06538
1701.07274
1701.07875
1702.05747
1703.06114
1703.06856
1703.09039
1703.10750
1705.02801
1705.10467
1706.02216
1706.07269
1706.07522
1708.02709
1709.02012
1709.05584
1711.05144
1711.11575
1712.04301
1802.03601
1804.05271
1805.07984
1806.01261
1807.00459
1807.05511
1808.06670
1809.02165
1809.04356
1810.00826
1812.01754
1812.04202
1812.11750
1901.00596
1902.06162
1902.09229
1904.05046
1905.01235
1905.10083
1907.09693
1908.07919
1909.11875
1910.10045
1910.10683
1911.05722
1912.04977
1912.09363
1912.12033
2001.08361
2002.04745
2003.00688
2003.08271
2004.05439
2004.07213
2004.13637
2005.00687
2005.14165
2006.05525
2006.07733
2006.11371
2006.16668
2007.14062
2008.00364
2009.01325
2009.03300
2009.06732
2012.07421
2012.07805
2012.09838
2012.12556
2101.01169
2101.03961
2103.00020
2104.02057
2105.09938
2106.04554
2106.07139
2106.09685
2107.03374
2107.13586
2108.07258
2108.07732
2109.01652
2110.11334
2111.01243
2111.02080
2111.07624
2112.00861
2112.09332
2112.10752
2201.11903
2201.11990
2202.03629
2203.02155
2203.07814
2203.12119
2203.15556
2204.00598
2204.02311
2204.14198
2205.10625
2205.11916
2205.12615
2206.06994
2208.01066
2208.03299
2208.04024
2208.10264
2209.06899
2209.07753
2210.03094
2210.11416
2211.05100
2211.09085
2211.10435
2211.16198
2212.12017
2212.13138
2302.01560
2302.09419
2302.10035
2302.12173
2302.13971
2303.08774
2303.08896
2303.16434
2303.17651
2303.17760
2303.18223
2304.00685
2304.01373
2304.02643
2304.03442
2304.07590
2304.08354
2305.03047
2305.03514
2305.11738
2305.14251
2305.14387
2305.14909
2305.16653
2305.17066
2305.17144
2305.18290
2306.01116
2306.02552
2306.04757
2306.08302
2306.09265
2306.13063
2306.13549
2307.00184
2307.02483
2307.03109
2307.05782
2307.09288
2308.03688
2308.08155
2308.09687
2308.10848
2309.00770
2309.07864
2309.07915
2309.10253
2309.15817
2309.16609
2309.17421
2310.00754
2310.02124
2310.03684
2310.10844
2310.11511
2311.05232
2311.12871
2312.07843
2312.08782
2401.10019
2401.12963
2401.15947
2402.08567
2404.13501
2405.14093
2406.20095
2407.07726
2407.07791
2407.12784
2407.19354
2407.21783
2409.12191
2409.17146
2410.24164
